0 1638 367 -87.92901050201694
1 1869 547 -110.35141272680761
2 1670 500 -110.09406460438387
3 1687 1496 -144.1829903403557
4 222 152 -0.0
5 1661 1689 -79.68134486363984
6 596 1412 -78.98802326304683
7 141 654 -178.30126585160423
8 222 152 0.0
9 2324 1213 -2.844432335608484
10 1728 250 -6.8677190484116295
11 495 1064 -45.20029516994926
12 481 82 -6.5473442662864185
13 1744 1400 -54.73240256675829
14 614 962 -140.9963320647461
15 462 615 -46.00962680247983
16 1830 1728 -44.33345241100738
17 2042 536 -175.3359675934863
18 820 1001 -102.77976705600997
19 1815 1576 -164.59561241433522
20 222 152 0.0
21 2070 1457 -96.28109690300478
22 603 193 -2.1963384801900387
23 1215 1004 -57.020347015582225
24 1147 830 -173.17178104892596
25 831 676 -94.18685432522756
26 1989 163 -158.2116241302372
27 2241 1884 -20.323136829663017
28 300 615 -166.05109596807822
29 1628 1331 -22.092452939405433
30 537 754 -20.652047197471987
31 2197 602 -49.251101736792684
32 2017 455 -118.62032605731152
33 2322 524 -110.25166342726945
34 943 665 -66.7691301773652
35 783 73 -89.00658688276118
36 889 88 -169.14172021831035
37 1913 393 -156.98031327023884
38 2166 1851 -75.02098982010304
40 916 805 -6.41174435250051
41 892 993 -143.97685186349483
42 66 740 -94.78771048977798
43 1307 826 -171.61793162945173
44 2181 740 -82.74680538727468
45 2244 221 -88.62175002536337
46 315 1073 -142.7868038264394
47 1319 1050 -119.53603794595188
48 1865 1880 -3.7084281571304265
50 525 273 -153.87362188586462
51 2172 1264 0.0
52 1525 1023 -66.28327233267753
53 1803 1045 -143.13010235415598
54 274 465 -118.75022313387213
55 2140 141 -80.8376529542783
56 1343 1083 0.0
57 2230 1757 -34.78312037027325
58 679 640 -17.622297228668273
59 180 809 -76.8487557112975
60 779 1720 -140.9708066546284
61 481 455 -159.1471540188173
63 2342 1400 -147.12267587408047
64 2272 729 -42.06199471979105
65 1647 155 -175.04760904081633
66 1354 1622 -121.9511132948663
67 272 1187 -154.72227776444703
68 783 783 -107.26182037161277
69 853 1417 -157.38013505195957
70 378 225 -54.27260177720031
71 1348 930 -24.664531093280036
72 977 234 -113.9402702266635
74 794 230 -180.0
75 2216 919 -75.16300354077288
76 2009 1836 -56.7108230275713
77 240 655 -64.11366196479518
78 1389 1153 -117.4890965298507
81 468 1528 -129.110697791335
82 742 876 -22.242363680546614
83 299 1385 -18.422648312266567
84 1254 1197 -173.22902103708148
85 1383 1925 -118.21391114965843
86 217 1763 -136.07585062079139
87 82 1555 -60.248942592322635
88 388 1294 -24.90675626334285
89 590 447 -6.966399133587891
90 912 906 -60.832386620422206
91 2346 653 -16.075782690340585
92 2285 295 -145.92406002253347
93 1570 1355 -21.54039276132362
94 419 531 -26.926860040884925
95 659 1086 -88.75075732130276
96 307 354 -106.61313798428755
97 112 1658 -38.13000769178574
98 1846 395 -88.41982752719998
99 696 1608 -86.6063806502587
100 1936 293 0.0
101 428 1605 -25.341910959111505
102 558 1806 -81.98948013722084
104 2161 101 -1.7647342958304715
105 1442 894 -176.87786953788435
106 2257 1178 -175.10452287807954
107 1704 1826 -76.71896705099552
108 1152 703 -180.0
109 222 152 -0.0
110 970 1254 -13.159644122866501
111 1921 1016 -154.30015774228633
112 320 1666 -76.15514047001406
113 1452 785 -109.44083317534361
114 1733 139 -102.47716664200556
115 242 1550 -54.133245309930004
116 120 1224 -46.624976357524766
117 1996 1501 -167.3787378834519
118 1790 313 -156.80140948635182
121 1459 1645 -90.0
122 313 102 -69.3664757478418
124 338 379 -166.41898185370897
126 2147 1021 -108.53003669719739
128 1341 515 -48.81407483429035
129 1417 1857 -74.2822272102008
130 79 1825 -122.37153910324963
131 933 1120 -160.26491840030005
132 1212 693 -90.0
133 1956 1604 -160.01689347809997
134 2592 1036 -105.04545510241904
136 1293 1440 -45.00000000000012
137 922 1933 -48.71810631661651
138 2337 1042 -31.455026632054246
140 1596 1557 -124.41836447905646
141 2236 1046 -12.62542781910367
143 1864 245 -51.336344325857105
145 1761 1255 -65.35940895960027
146 1396 1032 -35.463364241540596
147 1529 656 -27.973480949393885
149 1654 1200 0.0
150 1379 1485 -4.491374832170225
152 2354 342 -79.87216562769665
153 246 1331 -111.6994960763771
154 2147 1161 -111.14422587938718
155 1122 1623 -84.00266103743044
156 473 1418 -63.926180399845926
158 684 342 -147.148782700344
159 1135 978 -167.13460215794984
160 496 955 -3.281365766976222
161 1669 1916 -147.92498708806892
162 2173 1377 -158.63734987190398
164 887 985 -64.50114919681076
165 1553 1480 -35.98881633876159
166 1724 832 -100.84442476942858
167 1314 1564 -25.086044847985246
168 2245 1382 -9.936389943428331
169 222 152 -180.0
171 1777 1172 -64.6538240580533
172 434 312 -19.033316410219363
174 482 1554 -14.676393137450015
175 621 825 -151.92751306414712
176 2306 137 -96.44953470384229
178 2060 1405 -43.46108057561354
179 1617 1831 -82.50414236027015
180 2135 1453 -97.43780330315978
181 65 1709 -36.8381835860504
184 1123 1804 -97.7901496416295
185 2132 1528 -172.4715422246201
187 2073 1731 -67.0043836249012
188 1502 1311 -125.75343083437579
189 1712 1806 -23.904478632704503
190 1597 57 -143.68081877122162
192 2173 448 -83.16088836147483
194 2195 1719 -160.3777438613492
195 2012 1112 -37.81035990296853
196 282 736 -90.0
197 1518 144 -26.451669175647396
198 1081 69 -81.41637851988597
201 2284 1037 -119.1577427824975
202 306 136 -169.77729454823861
204 2056 1196 -55.83791044620107
205 1534 1230 -166.13239704438578
207 2326 1722 0.0
208 901 203 -28.81079374297324
211 1216 1606 -58.65586213854185
212 2211 913 -26.22415383414291
213 674 222 -103.33202399523907
214 2011 99 -167.38712811797043
215 1272 1740 -8.941603037867857
216 1151 611 -26.565051177077923
217 1795 1297 -88.6677801461303
218 1916 1323 -41.7032634025639
219 637 127 -99.14918057494606
220 1531 135 -95.82984176157599
221 1890 180 -138.98034945069037
222 269 774 -127.77048350217329
223 1557 843 -148.84069549165562
228 1281 1380 -10.684163553030915
229 156 712 -49.635463426902646
230 283 956 -38.225503071477995
231 733 574 -99.50912291602678
232 1465 1485 -82.85534162940863
234 2137 351 -122.23162945198116
235 701 987 -173.77460790099218
237 1239 507 -155.8989974594885
238 599 633 -132.07594043199367
239 1199 1213 -168.53046966713165
241 255 1093 -56.007931491485365
242 1201 1508 -35.01631222297133
243 2155 1689 -83.2218813847577
244 1374 1754 -131.39971439558676
246 576 157 -0.20511527952128453
247 98 1431 -100.39340247168589
248 1221 1650 -169.0908451715474
249 923 1727 -135.93127622706245
250 2067 1576 -106.806293433783
251 1838 1349 -98.17794668939848
252 1016 93 -163.20576221273592
253 1353 1207 -63.74134044519272
256 2187 513 -177.47388308838046
257 675 1501 -155.0383088418585
258 1977 1726 -141.16332866948756
261 127 1341 -155.9906385298852
262 2344 1625 -113.1985905136482
264 350 936 -156.9225989685172
265 626 465 -126.86989764584403
266 2351 1813 -19.146661028957705
268 557 1593 -86.94440654224707
269 2269 448 -120.81713700121705
273 2227 33 -93.70618007855586
274 1311 625 -159.3045492659367
275 2024 986 -161.7749248886458
281 472 684 -52.12248718056615
283 2075 36 -98.130102354156
284 1794 458 -47.499083518311416
287 1022 1011 -79.99690599879531
289 2045 685 -90.0
290 1889 1544 -61.64503821467595
291 2137 272 -101.03980317882578
292 1937 585 -71.56505117707788
293 997 1806 -30.298955242650496
294 1937 950 -13.45297324991692
296 220 42 -128.1448810198995
297 850 1807 -125.49221297912077
298 2340 40 -131.39932702186857
299 1758 64 -103.68352827625661
300 1083 2060 -67.21046615565697
301 353 1527 -154.2754612028272
302 2083 1294 -119.154904284347
304 1182 1108 -17.42225010950848
305 393 1707 -43.40625691322041
307 468 1070 -9.2726017772003
309 2064 1050 -171.60391946908567
311 2197 817 -46.99353700065436
312 630 1039 -13.077437784183036
313 165 1009 -72.9371428265387
314 62 490 -32.984418727480886
315 351 402 -82.03639237906063
316 479 1304 -71.81913279096932
317 2220 329 -142.0102208623437
318 778 549 -10.371588130487858
319 1476 1594 -71.85219030505564
320 484 183 -160.2657420506864
323 154 1150 -90.0
324 778 329 -78.50343698241423
325 331 519 -104.03624346792645
326 545 1906 -5.815626529490672
329 1554 1649 -25.58076596216536
330 450 1731 -110.09267676571314
331 1914 1397 -39.28940686250036
332 1626 1004 -175.04521379900268
333 772 1669 -154.464103627228
335 53 559 -168.6900675259797
336 2212 892 0.0
339 1217 1779 -25.826132299500383
340 586 1106 -37.39527425275118
343 1989 1437 -43.94397619400248
345 618 1451 -87.84856337596658
346 1950 1203 0.0
347 229 1034 -48.14090497082194
349 2252 1481 -75.14098244957891
350 2242 1590 -20.351784867811293
351 538 352 -25.71509595145403
353 2326 1519 -110.75415027982676
354 34 1185 -157.38013505195957
355 1519 1753 -159.86032285807073
357 1916 1802 -53.73356355361361
359 1748 1914 -9.466388333880206
360 2346 1584 -26.56505117707799
362 1975 37 -144.00850374202517
364 2001 1350 -43.69756223450571
368 2042 272 -106.63521929284764
372 2358 1881 -112.36085652660579
373 1557 739 -154.44003482817644
376 1922 47 -120.96375653207355
377 2157 1615 -180.0
380 1331 426 -53.087019418997855
381 977 1157 -165.96375653207352
382 56 343 -20.955776730632188
386 524 548 -28.213412541394604
387 1592 135 -108.43494882292201
388 1448 640 -133.21008939175394
394 513 1640 -104.50804806506143
395 2009 609 -130.29358412706873
396 845 1133 -12.907408671265838
400 1596 897 -157.81301735397682
401 1218 575 -43.75463573323165
404 2114 1090 -144.35163167849967
406 65 1475 -101.6475650868571
407 435 965 -176.63353933657012
408 1560 1150 -121.42065099008633
410 229 1619 -161.96226771653107
411 628 563 -111.17007658670768
414 1232 1310 -83.35848086198845
416 2356 430 -66.45735940049752
418 1379 621 -67.47092501766629
419 414 32 -90.0
423 2142 662 -38.30362238380102
429 33 1633 -148.84069549165562
431 1295 1816 -146.54669054592733
433 183 2018 -19.759609567208905
435 2351 1951 -80.19750328475412
436 375 1089 -29.931511840507792
441 587 226 -59.77162149216751
446 39 611 -151.55239874642558
449 611 37 -64.8321298502184
450 2760 237 -146.67281623805695
451 1447 707 -166.16514684334126
452 2246 1534 -60.34089076400491
454 2248 905 -173.99099404250546
460 2070 410 -28.720326797869483
463 1855 1423 -52.67447951689393
469 2242 1654 -17.671050361992016
472 1916 1276 -66.30265577748288
477 648 1463 -36.982906926344754
479 1050 1783 -98.130102354156
480 696 1097 -30.081809961206663
491 137 1504 -29.03027468248729
492 2052 358 -41.820169880135694
