2 1290 1435 -158.9890640095524
4 219 485 -175.6012946450045
5 1147 274 -20.011806522419512
6 1206 354 -146.30993247402026
7 127 365 -80.92294619907055
8 1352 341 -107.18958455615366
9 1281 299 -35.99980082731239
11 71 767 -0.0
12 624 128 -155.31309854714013
13 621 697 -169.01934998982645
14 1242 409 -171.41450113925424
18 6 449 -46.26927045447726
22 836 787 -177.70220397286437
23 1083 360 -2.8649141274331424
25 517 657 -80.28807817167177
27 1500 290 -75.75439407955862
29 1354 246 -98.19032914996244
30 1568 718 -12.907408671265838
31 561 286 -54.18883607735876
33 1139 461 -24.3295955314342
34 841 259 -33.355845936391766
40 1521 48 -3.2473427903228522
42 1379 444 -33.17851165939267
44 1238 625 -170.6742490773121
49 1258 1501 -170.82353080773154
54 1125 203 -134.2396790967921
55 161 258 -25.057615418303023
56 468 203 -95.88438122523092
57 780 337 -3.3664606634298013
58 944 719 -143.1435639638884
61 1443 304 -113.83874018317174
62 1643 30 -62.94563340974137
68 474 659 -26.56505117707797
70 138 176 -107.38450921945184
71 560 81 -13.353895555395587
72 1651 148 -121.88780188484623
74 2004 582 -82.28375949111175
75 196 143 -80.67640822186198
76 35 402 0.0
80 234 1012 -127.16661589942812
81 724 209 -180.0
83 645 131 -22.56399389845242
86 1093 499 -59.608059294583725
89 1236 82 -126.02737338510362
90 959 287 -103.01835649617759
91 1175 374 -77.8553886183824
92 652 323 -160.68511046865464
95 1049 109 -168.29099889813608
96 1175 320 -137.76226967429253
111 1397 193 -83.825349371507
113 69 237 -102.6591103570103
114 10 364 -173.93122027112608
115 270 388 -62.429127719204686
116 1135 595 -167.95064368964503
122 1587 531 -103.78545546224134
129 877 722 -100.35135277309259
138 1497 517 -29.25974657837655
139 1275 644 -29.133226355649125
142 957 344 -70.61712064163315
143 1351 675 -20.789050981859543
145 1305 166 -80.53767779197443
154 126 516 -69.65631428319458
156 647 225 -56.72511201516508
160 335 726 -135.25925515150155
163 1306 624 -11.965128837749111
165 71 767 0.0
168 1140 532 -103.39890452768314
184 229 476 -95.06721666325257
185 65 213 -166.2464080019513
199 1011 120 -84.14081213316099
205 1350 614 0.0
217 714 345 -152.31893843151482
221 1017 108 -78.85787333576127
222 969 294 -34.45879553937256
229 1244 1035 -107.0675906088993
233 1398 629 -101.75293225066416
242 1176 582 -56.60151153201276
246 1075 454 -110.22485943116808
249 1296 77 -15.79240352885825
262 192 276 -49.51398845800127
278 326 647 -133.1296086792627
285 1221 478 -9.651833466804247
287 991 209 -57.047030491205184
320 216 741 -180.0
