2 572.3053600196438 667.9709362574987 -54.44120406016245
4 221.72277228017455 491.1425416778897 -173.2228310738005
5 1156.4198139383634 280.63811559802633 -20.59822525373377
6 1208.8355547822575 354.6872631601312 -147.56409152116296
7 114.32784912003515 382.14280012948956 -82.09013540949896
9 1278.6862899823043 281.6743487563764 -36.09135893137075
13 626.7989270212655 708.2684417009318 -167.98408580719428
14 1275.7345436694418 437.61998253261686 -172.64883106282363
18 1676.7086181640625 489.975341796875 0
21 1420.7559814453125 383.9062805175781 0
22 714.6333997623873 633.5560987526819 -90.87669207639988
23 1111.831901544825 392.31871993711246 -2.3784341927496597
24 213.29082593273642 341.33042206397556 -88.39328915440086
28 1457.413330078125 404.3352355957031 0
29 1351.548703168691 247.73826817233396 -96.09814507919818
30 1564.9228073188322 714.1020868466562 -15.933756814490415
32 502.93353271484375 326.02789306640625 0
33 1125.3920123787839 466.6743511653134 -24.292398285991055
34 840.7414163817753 260.0684541259521 -33.423413023233124
35 838.3748779243342 437.8100275046952 -141.6835781403465
40 1503.6516639642762 28.615198682643573 -2.9124665597793906
41 1204.38720703125 208.48129272460938 0
42 1349.8313990285646 445.67994856457443 -31.227555057339497
44 1230.37374905174 621.561593691953 -171.27258967427397
46 949.3082275390625 415.13372802734375 0
47 1082.2159423828125 768.480712890625 0
49 1082.2159423828125 768.480712890625 0
50 1082.2159423828125 768.480712890625 0
54 1080.6067891623713 159.06167179630467 -133.91050098002827
55 178.56986631069813 266.6696357718069 -24.506526226781567
56 130.94444454954422 571.4092165016701 -93.22990472017715
57 760.1356146607287 318.58208515385974 -0.5254146927662413
61 1671.91691654756 83.44669737488604 -39.838948853225716
62 1645.3877291563035 23.634057047091186 -63.22457522699923
66 1082.2159423828125 768.480712890625 0
67 891.2913208007812 256.0870056152344 0
68 477.15576171875 659.8372192382812 0
70 161.82107543945312 203.51126098632812 0
72 1687.6804975918055 162.4446717805874 -121.23223985247023
74 1657.8225443918122 355.40448552925267 -124.8292086505351
75 193.49313354492188 111.34415435791016 0
76 56.72589566218353 390.75849198675843 -72.75807099657408
79 1591.30517578125 475.0255126953125 0
80 525.0738135343469 777.290484534763 -173.53164121581167
81 733.9946655706535 218.98728390408053 -179.3946304935908
84 1082.2159423828125 768.480712890625 0
86 919.0313196524423 618.0740364828107 -73.19790711937223
89 1252.4415283203125 74.60902404785156 0
90 996.3919925704355 273.97816462659387 -98.97797273088179
92 666.0045012952219 348.18233511835007 -162.92446743458098
95 1041.0631293065633 103.72502828355769 -167.3345513221859
96 1055.4322509765625 387.45660400390625 0
97 1082.2159423828125 768.480712890625 0
102 1467.7976759363153 703.2376983588665 -39.2408530061862
103 1491.3099971381303 492.86715878281257 -173.48654210353092
108 76.21140516388903 731.4117713870384 -86.60532147456207
111 1394.5739612120622 204.55513101399492 -82.6200077840336
112 1082.2159423828125 768.480712890625 0
113 55.97270584106445 259.06292724609375 0
115 292.0908203125 378.2967224121094 0
116 1116.3423519344665 573.2347143993677 -167.1866233148913
128 1650.5523681640625 577.4046020507812 0
129 886.0316237184439 715.713974788948 -101.14335198892276
132 1082.2159423828125 768.480712890625 0
134 1082.2159423828125 768.480712890625 0
138 1678.94873046875 431.66705322265625 0
139 1082.2159423828125 768.480712890625 0
142 960.9431804107736 347.746072240833 -68.30524335085968
143 1363.7147948115833 706.2637183083896 -21.29416704050917
145 1275.704245854498 160.35986967148233 -80.96668109726875
148 1676.7086181640625 489.975341796875 0
154 187.8028893747301 574.1030132622938 -171.8954639943734
155 1676.7086181640625 489.975341796875 0
156 640.9376623904699 259.7241857334104 -58.17911685713148
160 344.636623098998 723.7886646353041 -138.76904472188104
163 1303.4384238656658 627.5174023580125 -12.494706424734451
165 1428.0218505859375 661.2130737304688 0
167 78.66529083251953 472.8909606933594 0
168 1137.34770092734 532.7993252653114 -105.6868585987495
172 951.012939453125 120.91073608398438 0
173 1676.7086181640625 489.975341796875 0
176 334.55914306640625 363.8133544921875 0
180 569.4324115851052 730.6851129112674 -12.390056274105905
183 1676.7086181640625 489.975341796875 0
185 140.93891158080197 101.94922101375629 -80.68209992589622
187 1676.7086181640625 489.975341796875 0
194 1604.094970703125 435.3155212402344 0
198 1082.2159423828125 768.480712890625 0
199 995.3763099827876 139.12271797604248 -85.04558043567502
202 613.0850576969627 323.4252464684088 -90.6489347926564
205 1353.5221906342827 617.6138448789723 -0.09252759964230342
208 1676.7086181640625 489.975341796875 0
217 710.1161154821746 344.90054176999473 -151.47810024941325
219 1548.4870772855973 333.94061402304607 -36.22289404784322
221 1043.7686477991094 190.68889042676187 -80.10884577470075
229 1458.97998046875 527.6076049804688 0
231 320.39599609375 584.9652709960938 0
233 1395.0147265979833 632.8006585062665 -105.00348202371491
239 1082.2159423828125 768.480712890625 0
247 16.97546916456325 554.6395810739195 -104.27035587864341
249 1310.8071236570245 80.06522356400676 -20.969381601153355
250 1440.8748779296875 590.9024047851562 0
259 149.01657104492188 736.2166748046875 0
262 206.58932495117188 286.8850402832031 0
278 367.85374124074144 622.9414725723004 -52.05570293882088
287 972.9585284146488 204.63320512669054 -57.40385233217343
300 1581.715576171875 561.031982421875 0
320 216.51593017578125 744.8012084960938 0
