2 575 640 -54.0116
4 218 488 -173.362
5 1146 273 -339.841
6 1206 354 -146.669
7 127 365 -82.2311
8 1353 339 -256.774
9 1281 298 -36.1114
11 647 560 -217.194
12 712 409 -48.277
13 622 697 -192.084
14 1240 410 -187.049
16 715 457 -179.451
18 550 160 -226.534
19 774 175 -140.47
20 662 141 -258.4
21 1412 360 -120.924
22 714 632 -269.344
23 1081 359 -2.29412
24 193 362 -88.581
25 541 532 -337.802
27 994 412 -301.756
28 1454 361 -122.443
29 1352 245 -96.3387
30 1567 718 -15.5425
31 559 289 -303.725
32 471 347 -6.38202
33 1138 461 -335.818
34 840 258 -326.609
35 843 437 -141.606
36 1042 482 -59.2234
37 149 654 -318.335
38 693 683 -233.154
40 1521 48 -2.97245
41 1229 202 -109.696
42 1379 443 -326.147
43 804 494 -283.333
44 1237 624 -188.794
45 322 478 -324.564
46 934 427 -196.431
47 724 541 -203.164
49 1182 680 -265.449
50 629 76 -238.069
51 63 317 -232.67
52 612 261 -120.332
53 1535 592 -340.198
54 1125 204 -226.288
55 161 257 -336.842
56 136 555 -268.099
57 779 337 -357.088
58 482 73 -215.697
59 848 355 -153.503
60 1619 687 -45.4441
61 1640 79 -320.358
62 1643 30 -63.4521
63 1632 525 -126.117
64 1214 150 -165.39
65 1517 636 -84.8461
66 1104 644 -86.4903
67 122 487 -245.3
68 473 658 -26.4187
70 138 175 -107.475
71 561 385 -185.778
72 1652 147 -238.847
74 1652 356 -124.801
75 195 142 -281.312
76 52 399 -72.8857
77 809 600 -357.787
79 1576 492 -319.021
80 487 738 -186.376
81 724 209 -180.12
82 457 291 -94.3316
83 1044 291 -222.88
84 1058 672 -111.16
85 1480 350 -215.523
86 894 609 -324.689
87 1499 459 -60.9877
88 430 509 -280.545
89 1243 80 -125.713
90 958 286 -260.553
91 1278 441 -357.277
92 652 322 -199.022
93 854 661 -86.296
95 1049 109 -168.084
96 1043 387 -72.9027
97 882 97 -259.864
98 1181 128 -241.934
99 753 280 -358.011
100 1632 213 -324.021
101 1336 692 -160.09
102 1449 700 -321.654
103 1494 495 -173.903
104 1157 729 -342.343
105 277 195 -231.721
106 1610 129 -209.14
107 1652 486 -282.418
108 76 731 -86.915
110 1691 502 -127.205
111 1397 192 -277.333
112 331 520 -331.42
113 69 237 -258.05
114 457 21 -194.065
115 271 388 -295.54
116 1135 595 -193.012
117 405 192 -293.756
121 808 662 -294.605
122 296 83 -327.106
124 343 547 -175.405
125 920 29 -97.684
126 470 134 -349.497
127 812 741 -233.236
128 1647 603 -191.6
129 875 721 -101.084
131 1645 743 -87.2732
132 237 225 -21.1028
133 910 284 -65.9344
134 666 447 -10.875
135 1031 621 -58.1826
136 726 40 -155.349
137 1632 404 -186.797
138 1680 459 -263.645
139 1526 733 -209.091
140 320 241 -295.216
141 408 46 -126.18
142 957 344 -291.794
143 1350 675 -21.4649
144 724 79 -330.743
145 1304 164 -279.544
146 330 269 -0.0339608
147 1412 127 -326.226
148 362 176 -254.996
149 504 580 -62.8781
150 416 603 -112.54
151 73 130 -85.5656
152 561 71 -280.187
154 209 593 -184.434
155 920 547 -318.628
156 649 224 -58.2491
157 1300 539 -259.558
159 343 42 -301.266
160 333 727 -222.622
161 544 449 -79.2701
162 34 716 -272.313
163 1305 624 -347.802
165 1439 662 -228.613
166 1678 280 -232.521
167 97 462 -172.209
168 1140 531 -105.771
169 959 663 -8.84692
170 250 138 -200.244
171 1659 36 -56.4434
172 954 111 -247.543
173 135 48 -8.92281
174 284 307 -316.097
175 464 413 -335.877
176 347 359 -67.526
178 17 347 -0.0803776
179 1586 145 -58.1626
180 577 744 -10.7899
181 365 659 -223.826
182 412 740 -77.7435
183 941 740 -167.094
184 1014 735 -154.96
185 136 108 -80.5723
187 479 211 -341.05
189 1471 117 -241.906
190 1341 74 -267.209
191 53 192 -299.466
192 1443 478 -126.679
193 528 216 -134.534
194 1604 416 -192.432
195 1308 731 -300.679
196 1460 63 -328.904
197 1489 158 -117.902
198 122 15 -350.697
199 1010 119 -85.3336
200 1235 531 -93.6035
201 1591 230 -68.0616
202 612 324 -90.8538
203 14 64 -72.3487
204 1071 745 -295.888
205 1350 613 -359.818
206 250 295 -214.163
207 856 129 -280.332
208 34 41 -265.629
209 251 690 -286.896
210 891 166 -64.4834
211 444 212 -348.363
212 854 26 -162.93
213 1473 312 -256.086
214 1584 627 -201.594
215 400 234 -123.91
216 954 229 -165.384
217 714 346 -150.045
218 539 28 -150.306
219 1550 344 -35.9001
220 695 330 -193.649
221 1034 204 -79.4635
222 1113 132 -229.237
223 1256 212 -43.1074
224 401 129 -19.5964
225 1233 472 -272.423
226 1408 87 -200.796
227 970 619 -313.146
228 26 477 -1.94296
229 1463 529 -83.7551
230 1473 211 -172.156
231 318 602 -351.55
232 1309 209 -108.19
233 1398 629 -254.43
234 351 643 -282.469
235 269 566 -245.472
237 73 655 -250.008
238 1274 716 -18.8813
239 1667 669 -139.128
240 1021 692 -152.416
241 34 465 -42.9082
242 1176 581 -59.4499
243 693 274 -279.513
244 1412 486 -215.015
245 308 18 -244.614
246 1073 453 -114.972
247 31 554 -254.198
248 1689 682 -214.115
249 1296 77 -342.823
250 913 677 -26.3946
251 1181 498 -263.526
252 847 170 -195.471
253 203 16 -80.6929
254 1554 212 -57.8478
255 300 173 -350.241
256 18 737 -20.288
257 973 145 -191.809
258 959 695 -68.9903
259 142 735 -188.862
260 1579 273 -350.563
261 14 262 -352.049
262 192 275 -56.6453
263 1340 143 -82.3748
264 578 20 -359.925
266 470 478 -338.032
267 1326 501 -5.92453
268 1453 639 -182.253
269 102 596 -121.27
270 1430 20 -291.297
271 1125 25 -96.1871
272 15 613 -254.592
273 1168 31 -5.19257
274 1325 22 -186.502
275 722 245 -249.698
276 1005 557 -137.314
277 236 272 -7.51947
278 370 602 -51.9233
279 293 132 -263.232
280 1176 58 -128.353
281 1533 400 -56.303
282 46 648 -298.123
283 1526 219 -124.985
284 59 85 -236.649
285 1369 745 -338.91
286 1394 576 -81.5082
287 991 208 -302.771
288 1474 569 -227.019
289 1411 744 -359.037
290 50 599 -236.893
291 1566 456 -47.5545
292 212 691 -150.602
293 368 746 -268.508
294 1290 123 -152.255
295 1068 243 -154.58
296 1179 610 -92.7591
297 1006 528 -116.87
298 387 98 -94.1855
299 1451 750 -124.656
300 1582 569 -177.227
301 931 608 -32.0932
302 1474 747 -342.71
303 1258 533 -339.426
304 1099 421 -234.442
305 1383 484 -122.295
307 17 674 -293.993
308 17 516 -119.5
309 915 189 -128.72
310 1425 559 -189.439
311 1216 18 -311.621
312 1554 305 -193.728
313 495 436 -198.053
314 96 641 -67.2075
315 947 192 -112.844
316 1199 549 -312.149
317 685 18 -346.839
318 945 165 -98.0245
319 635 13 -339.074
320 215 741 -177.386
321 1404 529 -330.283
322 1357 553 -100.642
323 1512 343 -123.463
324 1564 411 -121.638
325 1018 160 -116.119
326 1468 611 -111.996
